0.6766666666666666
0.6825
0.7225555555555555
0.756
0.7808666666666667
0.8056111111111111
0.8268571428571428
0.8435833333333334
0.8586666666666667
0.8703
0.8753939393939394
0.8784444444444445
0.8905897435897436
0.8969285714285714
0.8991777777777777
0.9049375
0.909607843137255
0.9155
0.9197368421052632
0.9229833333333334
0.9268095238095239
0.9305606060606061
0.9304202898550724
0.9362222222222222
0.7378333333333333
0.8438888888888889
0.8765833333333334
0.904
0.9181666666666667
0.9236666666666666
0.937125
0.948037037037037
0.9530333333333333
0.9586666666666667
0.9627222222222223
0.9647692307692308
0.9680714285714286
0.9722
0.9762708333333333
0.9775490196078431
0.979037037037037
0.9812280701754386
0.9837166666666667
0.9836825396825397
0.9850151515151515
0.9873188405797102
0.9870555555555556
0.8463333333333334
0.8828888888888888
0.90075
0.9194
0.9295555555555556
0.9437142857142857
0.9499166666666666
0.9585555555555556
0.9603666666666667
0.9646969696969697
0.97025
0.976051282051282
0.9767857142857143
0.9788888888888889
0.9810833333333333
0.9839607843137255
0.9835555555555555
0.9856491228070176
0.9864666666666667
0.9872857142857143
0.9896818181818182
0.9902173913043478
